2782
704 621 897 491 489 793 585 728 675 939 5 384 677 596 909 467 365 993 684 577 83 981 264 21 379 310 639 629 248 288 2 959 395 802 376 439 832 749 737 78 583 473 350 95 512 905 788 362 692 438 810 495 345 96 244 642 231 965 266 43 
572 579 974 326 643 881 685 117 797 351 705 59 772 496 779 85 249 386 724 111 673 77 250 710 132 686 313 957 529 872 20 655 723 215 531 475 171 420 590 
940 281 524 48 841 694 961 609 893 490 850 712 198 337 560 56 497 474 126 322 817 527 283 769 506 358 4 42 971 851 638 212 109 435 98 926 811 924 657 718 448 514 416 170 240 18 335 586 131 207 748 230 297 859 295 370 891 636 139 185 916 920 714 575 576 984 733 778 679 278 532 
804 89 899 877 783 168 997 505 220 741 745 580 607 945 716 480 13 635 66 454 346 162 648 521 835 949 813 930 814 165 199 260 22 557 844 917 292 8 634 995 546 796 654 447 354 967 424 62 451 32 699 528 188 216 224 293 374 317 
239 339 691 914 774 594 830 651 823 517 30 471 84 228 79 739 149 157 587 929 846 287 101 539 312 195 481 668 991 620 861 509 468 994 889 777 138 592 399 784 928 683 16 197 726 145 449 246 196 460 24 879 523 
584 915 31 511 234 886 433 876 258 206 404 757 862 775 695 667 476 533 209 301 325 960 175 411 827 742 443 430 442 990 492 766 943 912 257 423 852 320 361 696 208 94 662 582 549 892 962 573 93 941 441 599 649 201 70 847 97 279 332 518 759 998 40 129 934 918 387 214 743 551 166 824 701 247 631 3 123 703 487 74 845 840 381 150 552 148 225 227 740 882 645 238 762 791 263 321 982 453 671 593 15 177 661 547 450 251 403 839 867 829 189 10 154 767 864 800 86 554 604 632 291 595 781 103 19 498 606 428 275 364 980 269 789 826 964 254 12 412 815 194 61 465 479 534 69 232 808 55 219 860 267 619 499 233 
680 71 650 37 753 106 200 589 758 878 927 863 421 252 307 34 11 950 427 477 625 803 868 51 173 538 164 853 368 155 569 102 104 988 415 674 807 146 503 730 597 550 7 14 377 755 143 570 565 559 709 462 856 300 806 567 390 256 942 719 522 226 237 885 26 49 99 52 752 843 795 816 296 785 44 23 568 242 732 887 540 299 869 463 371 134 221 729 380 623 45 405 760 452 764 985 130 542 665 268 17 972 262 944 426 383 367 203 617 243 734 414 382 666 983 598 976 73 172 751 305 413 277 525 276 681 54 903 378 82 331 348 812 548 75 725 116 633 
890 735 363 801 253 640 36 38 470 461 652 343 721 761 418 484 191 820 919 108 896 770 282 663 359 118 968 183 669 105 954 349 771 591 158 678 798 72 613 356 392 306 136 397 690 913 137 818 391 601 708 58 516 205 340 88 114 163 602 25 284 670 932 664 408 
294 520 190 327 612 81 610 27 193 236 819 133 285 966 848 120 113 561 931 676 135 763 329 615 979 687 644 91 304 526 828 347 603 375 833 794 265 151 911 720 342 973 641 174 39 432 544 866 756 768 494 53 222 33 933 871 440 952 790 627 218 750 431 401 936 858 110 179 141 122 874 970 702 385 574 562 290 530 341 722 747 566 127 456 245 330 436 369 618 656 958 904 510 698 176 128 578 907 152 422 402 611 274 908 289 978 64 336 626 822 502 63 637 707 809 513 799 298 873 
457 901 935 659 831 837 434 600 834 169 946 41 786 50 142 9 68 302 773 555 437 410 736 280 472 373 700 396 992 906 838 855 693 333 92 616 140 29 323 541 47 738 125 87 202 727 504 821 319 182 192 744 352 338 987 121 581 883 1 825 469 746 255 466 898 836 605 259 780 880 318 875 999 159 417 211 444 986 956 429 355 937 515 270 389 360 975 792 900 910 955 507 178 688 536 353 328 458 187 782 545 787 160 464 90 922 394 272 311 400 485 948 884 223 153 57 308 1000 271 324 630 646 407 210 628 647 543 711 608 857 366 156 
144 459 689 60 535 67 865 537 706 235 754 925 334 713 315 682 672 273 977 658 508 614 947 556 6 455 100 854 488 894 493 161 286 112 80 478 938 314 261 344 564 989 35 923 969 951 519 76 28 697 46 482 963 500 147 204 303 624 419 895 180 398 372 119 115 849 241 765 357 167 731 181 842 558 213 446 776 483 107 445 660 888 805 501 996 425 622 184 902 563 715 65 186 870 388 124 406 409 217 316 393 921 553 486 588 653 309 229 717 571 953 
