2431
652 141 76 608 877 71 5 862 826 426 178 664 171 126 823 173 944 249 502 195 314 291 923 592 
206 261 471 501 653 552 836 740 561 115 190 155 593 503 994 634 22 960 549 854 907 617 38 633 483 84 50 686 528 347 776 344 459 488 746 470 162 925 637 27 837 493 208 
626 304 778 612 939 340 680 315 290 100 658 526 252 472 381 387 460 231 512 90 623 337 321 408 951 133 18 152 238 
681 691 94 879 579 782 654 474 698 544 107 494 929 121 197 717 639 531 404 372 123 818 
530 211 780 487 839 857 352 129 423 143 813 991 342 724 158 11 358 733 763 690 928 270 522 435 54 220 856 273 534 409 492 199 734 995 635 65 1000 451 212 
855 927 831 670 219 41 671 8 160 306 465 892 235 627 248 97 63 119 997 774 570 878 395 86 605 453 761 420 550 889 239 
730 640 67 759 223 903 224 259 858 815 359 964 661 274 168 20 519 102 257 615 70 988 966 963 547 783 934 134 986 48 463 214 149 93 59 781 706 636 120 785 914 442 114 711 
327 125 819 619 385 51 548 283 595 348 876 201 234 545 305 46 520 484 87 475 768 185 34 462 714 429 922 972 6 371 250 110 425 418 137 82 10 715 962 437 332 
145 728 480 727 952 599 476 3 721 736 631 180 568 310 413 151 682 147 992 911 368 388 524 411 116 456 804 525 904 19 244 302 537 594 416 993 571 
384 200 511 89 732 375 192 868 193 884 132 277 142 883 424 786 209 821 43 229 949 645 365 389 677 452 127 969 317 827 770 588 281 330 720 13 708 215 699 885 154 386 693 210 614 323 
872 684 507 533 351 221 893 241 58 643 243 216 968 933 805 335 651 269 838 377 980 363 582 295 101 398 982 112 264 255 181 188 260 620 920 499 945 303 
886 899 95 723 709 131 280 364 841 153 355 55 764 875 410 366 793 245 7 974 589 810 446 790 584 961 382 500 172 42 894 958 266 662 647 169 713 455 254 689 497 673 44 913 891 523 311 31 287 30 109 753 
799 613 1 731 361 161 924 569 136 656 403 558 729 750 830 473 267 931 329 69 954 164 184 606 176 596 508 955 630 64 498 906 405 294 930 851 428 675 847 17 535 325 802 701 853 292 707 108 170 194 279 222 685 491 35 447 845 56 996 959 621 331 336 308 597 183 890 91 998 307 566 156 415 312 940 431 105 318 585 12 33 735 461 979 871 256 999 113 225 870 683 801 975 926 538 
716 575 787 122 676 624 938 587 278 296 864 458 495 177 757 509 702 396 935 833 850 657 186 282 88 237 557 663 21 198 444 191 
921 320 433 515 78 816 749 828 16 496 448 567 253 246 565 236 909 445 632 953 983 146 705 842 74 712 576 973 207 583 506 341 399 825 745 103 407 39 844 53 226 942 887 26 400 696 529 932 
811 247 284 895 667 649 742 316 678 24 150 301 203 574 518 23 976 849 378 489 354 167 767 179 346 628 665 227 96 230 339 298 430 718 467 40 694 104 604 449 590 580 373 769 286 432 835 138 873 28 468 29 672 754 165 536 752 581 379 905 75 791 490 541 401 383 9 205 766 479 510 443 688 697 985 240 822 326 324 275 148 638 866 258 392 268 609 333 824 187 788 646 450 481 80 762 817 832 722 356 
272 83 881 602 202 848 629 572 880 516 242 779 513 374 719 771 233 943 669 834 987 562 751 135 328 357 625 139 345 692 800 765 68 517 650 469 859 603 436 440 45 362 618 563 760 704 936 747 322 196 803 775 52 457 957 648 49 
353 505 414 402 674 47 840 130 369 796 808 946 182 902 2 687 978 912 554 666 338 4 863 360 174 659 809 573 427 915 454 380 412 527 806 918 546 72 297 772 299 777 466 598 111 843 869 703 591 820 794 710 990 14 861 882 189 898 784 910 140 971 867 217 989 748 391 288 514 756 376 438 553 814 738 607 477 106 394 700 144 
577 390 289 741 797 485 641 421 948 551 66 79 559 213 737 60 422 57 486 622 309 262 829 98 482 293 218 852 739 85 439 744 124 406 73 679 616 251 77 977 263 556 917 397 970 896 334 812 464 540 319 419 32 611 118 937 393 434 981 343 37 846 62 271 504 285 860 532 610 276 578 543 758 36 908 743 695 967 789 984 232 642 166 99 586 601 521 600 81 865 
441 792 542 901 163 367 660 919 888 265 965 564 644 175 897 773 128 92 25 916 117 313 874 204 157 655 350 941 798 539 956 725 560 15 61 950 807 900 370 668 417 795 159 755 478 726 349 947 300 555 228 
