2932
509 533 605 743 371 341 203 209 749 311 575 125 323 617 365 281 299 227 121 271 751 319 595 511 541 102 105 106 104 523 99 101 97 98 103 
377 653 257 437 10 347 395 143 419 16 701 473 461 683 551 4 293 521 563 389 46 629 185 581 28 215 155 413 179 766 423 642 330 14 
593 167 269 425 329 713 197 677 353 239 491 695 383 545 131 755 275 191 335 245 671 557 137 587 689 283 18 379 577 127 367 409 757 187 559 607 175 211 
661 455 497 485 737 467 768 515 635 665 647 611 719 173 113 503 251 707 761 34 19 638 548 122 680 410 650 199 194 139 
357 539 443 731 407 40 659 769 403 153 229 553 295 259 38 579 337 741 645 499 631 201 705 123 391 685 373 165 549 147 385 20 531 135 693 32 517 399 195 591 279 171 723 
414 287 479 641 527 317 431 764 233 401 725 119 623 305 569 22 221 599 359 678 722 528 590 692 188 206 43 134 374 290 1 458 182 644 200 656 530 704 152 218 272 488 560 662 13 316 364 112 
456 263 149 161 449 114 17 612 408 396 234 270 312 582 714 222 180 480 212 240 542 702 5 342 344 230 
585 609 405 501 44 249 459 759 657 237 297 363 315 255 429 411 465 711 159 663 26 369 519 687 273 567 81 77 78 75 76 82 729 639 417 129 267 507 699 735 471 225 381 243 375 627 291 597 753 2 333 207 633 513 441 537 603 111 231 219 669 177 754 166 
600 156 308 540 690 138 486 282 738 756 372 398 444 29 338 386 320 294 390 120 254 654 750 198 570 464 534 674 684 384 636 504 732 366 402 192 450 506 546 210 648 564 174 276 726 438 476 164 708 266 216 252 492 11 23 696 762 208 730 202 700 430 562 604 250 244 
498 594 378 41 228 306 618 35 555 720 47 288 432 510 80 79 522 117 426 213 420 462 660 621 468 264 258 336 132 453 747 360 576 150 324 348 204 327 744 318 144 186 303 588 354 630 552 162 624 606 561 246 672 393 474 168 558 516 300 126 666 681 435 651 328 298 45 238 574 460 556 226 763 196 646 472 346 448 478 
536 608 578 392 380 626 602 116 584 446 470 728 332 614 752 224 482 128 686 362 500 734 422 416 350 434 452 158 554 176 314 368 668 620 146 31 260 566 698 37 632 404 758 746 302 428 356 572 170 284 710 140 440 25 7 716 110 494 518 740 736 232 256 370 520 9 
765 427 721 296 12 625 487 433 151 24 242 589 145 343 691 241 529 133 715 547 163 637 493 248 535 697 277 583 613 512 193 571 326 181 643 48 745 236 469 115 397 463 325 361 655 253 223 278 439 601 169 247 596 619 727 205 524 21 382 676 742 424 610 
190 565 183 475 6 217 235 309 679 30 285 141 675 649 355 451 489 8 42 157 445 615 709 189 543 289 447 261 351 321 525 573 483 673 495 339 349 505 313 421 265 331 387 733 457 703 307 739 477 415 345 481 301 667 36 717 526 748 172 550 15 268 724 33 466 706 154 310 568 286 136 767 142 220 118 484 490 358 718 
334 91 109 65 95 94 66 93 63 107 61 90 62 67 108 100 96 64 92 87 88 73 51 59 74 68 49 54 83 52 69 58 85 89 84 50 71 55 72 86 60 57 70 56 53 502 412 628 418 508 340 184 760 3 640 538 514 694 376 592 214 39 322 406 160 400 688 274 664 598 616 532 496 454 634 388 394 622 712 436 262 670 280 544 586 352 27 124 652 442 304 130 148 178 682 292 658 580 
