63
798 592 447 823 554 775 446 904 323 71 816 771 655 62 643 578 827 318 819 73 316 307 691 78 56 50 322 562 772 833 576 309 660 651 824 692 69 176 179 182 85 82 345 275 437 676 184 174 680 677 189 784 909 343 439 335 913 336 925 678 273 826 76 645 768 648 818 652 556 558 58 54 832 657 75 55 821 805 638 46 549 543 808 804 639 801 349 791 347 104 733 116 392 132 253 396 513 616 216 402 279 228 509 12 901 608 955 4 408 398 173 
587 851 366 13 565 965 136 113 237 358 861 426 583 629 302 266 839 239 7 952 298 746 940 341 119 585 241 294 67 867 631 125 569 595 25 641 879 95 488 599 889 284 687 522 
407 760 380 944 480 172 397 726 607 492 950 954 938 278 508 288 217 718 766 416 41 
625 571 716 384 845 883 434 432 127 942 849 532 573 506 376 695 310 140 467 685 764 959 754 
131 3 496 256 222 524 11 900 227 834 409 709 21 378 894 512 855 395 252 
199 603 615 170 516 215 401 750 328 350 853 789 703 93 391 871 609 9 453 229 203 486 192 230 94 
97 902 39 541 168 681 699 455 720 476 857 162 933 109 117 734 597 633 430 667 290 150 589 201 282 916 399 722 863 
797 567 146 292 873 220 563 442 324 627 837 601 422 300 1 778 742 362 724 536 5 209 482 967 372 621 207 360 457 538 
637 526 730 356 428 795 105 194 233 707 896 971 736 465 205 514 530 865 196 107 19 249 635 914 414 520 898 957 449 502 37 728 148 605 166 738 729 739 38 606 899 503 450 149 167 958 521 415 636 250 531 197 108 20 915 866 236 515 737 897 708 972 466 206 234 353 429 796 195 106 357 214 527 731 960 
344 134 534 843 123 711 268 740 619 469 154 23 494 211 99 762 661 705 811 926 478 663 202 269 431 135 568 
133 891 224 27 881 247 593 841 689 473 405 758 440 665 693 15 613 787 893 956 226 251 198 390 614 759 441 16 666 690 594 474 842 882 28 248 225 767 42 719 289 
774 799 354 869 946 254 382 744 420 144 280 885 286 929 918 451 500 152 393 65 388 142 459 389 143 66 501 394 460 919 153 452 706 212 479 812 664 763 930 421 287 145 281 886 208 361 539 155 470 741 745 620 24 622 383 210 255 483 947 844 124 870 712 2 363 355 779 535 800 628 602 
90 792 348 103 346 545 810 640 45 802 547 807 806 548 830 49 47 63 51 649 77 828 825 650 646 551 658 555 72 769 817 560 332 86 187 908 334 188 436 673 438 675 911 89 342 87 83 185 679 674 178 191 272 923 277 783 181 912 337 218 951 727 493 481 945 381 359 427 862 852 
809 101 550 803 43 557 654 659 776 57 48 820 906 80 79 177 183 669 670 781 924 271 274 180 330 317 315 553 656 70 815 575 64 53 577 561 61 831 445 770 591 905 448 74 822 647 306 308 777 276 270 88 910 175 671 81 907 333 190 186 672 84 331 922 782 644 829 773 653 552 59 60 559 52 44 544 546 102 458 6 373 968 725 423 537 743 301 668 
369 931 386 732 115 463 370 752 31 403 326 245 504 231 368 505 232 327 32 404 200 464 751 
159 528 213 471 29 948 313 352 935 793 158 920 498 296 235 714 961 129 877 484 260 581 697 160 847 121 261 698 582 161 122 878 848 485 130 297 921 962 499 715 949 314 794 30 936 529 472 856 
932 262 875 258 623 785 748 304 156 461 91 887 319 413 713 836 937 219 780 462 157 92 888 305 193 487 749 786 694 624 204 876 246 263 259 10 454 610 753 872 371 387 854 790 704 351 329 171 517 604 
365 364 374 859 617 411 243 963 35 611 518 138 683 490 756 264 813 579 33 510 418 969 164 111 17 338 320 701 424 540 312 928 444 475 425 339 511 788 34 580 419 757 491 612 406 36 139 519 244 412 618 892 375 860 598 163 858 721 
542 165 702 18 321 112 970 927 100 662 814 864 400 495 684 723 98 265 291 151 590 283 964 917 118 934 634 735 110 417 169 682 903 939 600 285 489 
588 838 293 221 874 564 325 443 700 477 147 895 379 835 456 410 755 22 626 710 40 468 688 311 686 696 765 523 141 377 507 890 642 257 533 574 850 223 880 96 497 26 525 128 433 943 596 632 126 570 846 717 435 868 884 120 242 572 385 586 68 295 941 340 747 953 299 240 267 303 840 8 630 584 761 238 137 114 566 14 966 367 
