1164
330 291 292 293 294 295 296 297 298 299 300 301 302 303 304 305 306 307 308 309 310 311 312 313 314 315 316 317 318 319 320 321 322 323 324 325 326 327 328 329 
132 131 130 129 128 127 126 125 124 123 122 121 120 119 118 117 116 115 114 113 112 111 110 109 108 107 106 105 104 103 102 101 100 99 98 97 
634 428 789 846 527 745 934 924 471 760 857 948 595 830 741 732 525 696 825 728 463 636 943 486 904 461 688 755 664 448 751 628 652 433 451 905 502 733 871 928 544 615 927 803 410 795 765 399 777 842 491 
750 917 958 810 493 767 899 508 901 819 495 550 920 950 967 434 724 623 855 445 778 852 622 844 616 864 478 884 677 903 722 497 719 709 436 985 620 521 940 519 279 280 281 282 283 284 285 286 287 288 289 290 
466 621 828 633 996 981 591 575 684 553 416 980 644 697 421 438 849 969 994 403 646 768 488 477 
821 96 95 94 93 92 91 90 89 88 87 86 85 679 84 83 703 82 81 611 474 432 740 80 444 877 79 78 639 77 76 946 75 74 73 
430 749 573 458 397 896 743 561 671 542 501 541 609 612 654 626 707 762 560 476 473 717 653 559 890 837 655 931 742 700 839 699 597 988 701 658 987 511 449 836 512 879 571 576 629 457 135 136 137 138 807 676 139 140 516 141 577 995 702 788 142 579 669 780 454 143 773 483 687 610 799 779 144 506 992 145 798 440 935 146 470 906 875 147 791 532 148 785 808 670 792 706 149 558 978 150 817 689 151 827 152 867 153 154 155 156 157 158 159 160 161 162 163 164 165 166 167 168 169 170 171 172 173 174 175 176 177 178 179 180 181 182 183 184 185 186 187 188 189 190 191 192 193 194 195 196 197 198 
522 455 809 885 510 735 459 812 811 594 546 683 517 956 823 939 870 966 775 691 806 801 881 499 794 926 543 932 990 730 782 805 856 895 681 739 418 72 564 523 893 71 419 70 534 942 69 500 605 68 331 67 133 199 1 265 2 266 200 134 332 900 3 201 267 333 268 4 202 971 912 269 203 5 586 204 6 270 774 949 880 916 7 205 271 456 415 538 8 272 668 487 580 472 555 600 729 540 640 273 9 578 863 475 826 530 790 666 547 10 813 535 665 528 938 411 841 983 11 624 613 843 959 490 12 592 441 557 462 804 786 957 423 793 13 720 854 693 989 494 482 598 14 617 840 962 721 447 891 569 637 15 453 647 16 982 894 698 408 869 604 862 17 661 443 872 479 984 818 565 744 18 746 426 902 19 404 400 20 712 21 715 
889 945 659 986 757 816 536 874 963 941 660 514 657 784 585 802 682 737 599 937 406 582 533 976 769 965 910 606 974 873 832 829 694 641 662 424 921 498 834 334 335 574 336 907 337 417 596 589 338 850 756 915 339 708 340 914 524 673 960 710 643 929 539 460 975 583 771 667 898 464 515 726 913 686 908 833 414 649 747 824 554 754 467 481 563 566 492 672 919 618 572 631 401 608 520 787 
716 642 692 851 663 861 452 847 933 531 766 977 993 567 503 897 961 650 431 504 953 549 695 886 685 513 651 402 860 991 206 207 208 748 437 439 209 944 601 964 210 776 211 979 674 588 968 970 972 529 212 568 822 489 632 590 587 770 734 548 213 922 593 815 429 214 763 422 648 820 215 923 469 704 758 216 485 435 409 630 955 718 954 217 678 442 484 218 219 925 220 221 222 223 224 225 226 227 228 229 230 231 232 233 234 235 236 237 238 239 240 241 242 243 244 245 246 247 248 249 250 251 252 253 254 255 256 257 258 259 260 261 262 263 264 
507 814 936 973 570 675 883 446 412 723 838 711 738 797 761 866 878 619 736 865 505 274 638 680 450 892 713 275 876 276 831 759 420 952 800 277 753 413 656 496 278 427 727 783 911 731 845 552 614 551 705 407 888 581 781 772 930 405 602 603 645 714 480 835 887 635 526 518 584 398 465 882 853 764 951 607 562 725 
363 625 341 342 537 343 556 344 796 345 947 425 468 848 690 509 346 347 909 859 627 868 858 348 545 918 349 350 351 752 352 353 354 355 356 357 358 359 360 361 362 364 365 366 367 368 369 370 371 372 373 374 375 376 377 378 379 380 381 382 383 384 385 386 387 388 389 390 391 392 393 394 395 396 
66 22 23 24 25 26 27 28 29 30 31 32 33 34 35 36 37 38 39 40 41 42 43 44 45 46 47 48 49 50 51 52 53 54 55 56 57 58 59 60 61 62 63 64 65 
