29
592 641 329 212 603 29 666 404 489 422 43 519 15 153 661 589 736 567 500 723 109 40 427 49 380 199 197 350 541 742 722 353 155 354 631 725 627 574 559 333 638 508 144 607 390 688 395 46 687 387 262 66 324 557 441 120 474 616 203 433 
76 629 19 732 645 112 664 113 275 297 58 586 602 568 90 413 611 544 400 251 342 312 374 221 99 184 394 715 572 579 682 308 236 16 745 22 531 718 738 282 650 434 469 238 553 139 408 719 564 213 280 419 594 481 138 656 737 74 609 157 309 233 195 181 440 124 
407 362 759 699 749 534 762 585 453 674 746 596 269 208 257 461 522 529 741 4 613 105 80 388 513 327 397 482 389 140 217 194 467 750 770 760 6 451 437 187 693 697 401 570 692 447 1 754 346 720 653 70 758 599 306 39 417 698 53 684 222 359 152 655 366 576 135 193 373 117 
24 310 2 168 452 290 510 252 211 356 462 85 382 516 483 496 536 204 235 349 355 288 272 520 179 133 154 320 149 488 5 247 237 156 396 148 464 521 352 291 102 294 33 3 165 326 416 399 
677 729 626 724 588 584 432 733 606 503 472 188 683 644 730 634 167 108 706 368 487 540 132 9 126 676 675 499 442 348 319 484 662 767 727 707 709 68 65 198 747 202 486 17 172 577 615 681 633 98 83 515 546 107 459 305 268 765 492 121 473 336 659 160 425 761 701 
639 703 517 335 81 375 104 259 668 201 365 289 27 57 728 555 55 456 7 283 384 386 173 714 325 118 32 18 182 89 256 614 12 449 604 161 372 649 490 731 673 186 543 657 593 600 264 587 128 370 73 640 371 332 31 537 672 560 26 357 679 115 630 558 526 137 
406 254 100 270 337 501 619 95 61 528 318 625 549 367 284 248 405 502 590 214 595 86 411 206 597 14 608 244 304 414 129 127 580 460 200 174 286 436 267 642 345 628 341 548 376 145 51 573 361 231 421 209 151 539 358 158 538 249 581 180 575 321 505 410 
744 780 771 740 620 755 8 430 763 777 786 726 751 781 205 753 690 721 75 123 782 23 665 298 533 250 162 680 773 787 527 420 623 164 37 748 695 299 705 183 514 228 191 351 788 789 571 734 785 757 778 769 776 784 774 783 764 111 525 230 331 583 258 92 20 88 624 466 670 743 775 122 169 756 779 768 495 150 766 772 618 93 752 431 476 178 398 67 392 
504 166 97 363 281 470 471 340 116 391 475 535 36 163 276 223 232 563 530 229 438 242 240 34 423 220 428 42 509 445 35 317 314 556 582 28 378 56 328 377 550 561 226 512 313 11 210 239 260 119 141 131 450 554 444 477 315 38 569 468 302 552 
383 246 409 455 106 689 457 215 47 159 311 669 219 255 207 710 322 647 330 147 295 545 287 224 277 94 91 263 189 69 524 426 177 711 652 175 610 225 25 292 454 60 663 621 542 385 643 708 125 660 415 30 307 344 142 48 685 622 551 21 44 511 491 13 
185 71 443 271 45 300 218 435 62 338 323 479 716 82 243 274 700 651 253 704 303 393 10 448 190 632 654 196 712 130 547 637 279 369 717 507 79 532 424 216 465 52 77 478 635 170 84 192 41 78 171 565 518 566 578 648 612 493 598 59 316 463 50 418 273 658 
379 261 458 114 301 110 64 63 696 667 245 381 87 103 646 293 523 691 96 605 266 686 54 72 143 402 227 241 146 136 446 617 285 591 739 364 735 403 497 134 694 429 265 334 678 671 412 347 278 636 439 498 101 562 702 234 601 494 713 296 339 506 485 343 176 480 360 
